28 69 46 11 3 1 6 6 24 69 58 17 7 9 14 8 26 42 26 15 14 21 22 14 18 9 11 17 22 20 17 13 22 65 64 16 8 2 3 4 32 105 115 31 4 1 3 4 120 111 49 10 9 11 11 20 30 14 13 26 36 34 16 14 13 17 24 16 18 7 4 8 89 30 31 22 13 5 7 34 137 48 13 12 9 3 3 52 35 14 21 36 42 22 5 9 12 6 5 8 15 12 9 17 76 12 4 5 8 4 13 51 107 34 11 13 11 1 4 48 20 13 14 26 28 8 6 9 
26 6 2 21 82 14 3 4 159 25 2 5 11 1 0 22 116 18 2 2 5 1 2 19 20 11 4 3 6 2 3 7 34 6 4 30 108 22 1 3 162 21 2 7 15 3 0 30 131 12 2 4 8 2 3 25 27 10 3 5 7 2 2 12 33 3 3 23 109 25 2 6 162 31 1 4 15 4 1 22 135 26 1 3 8 2 1 13 26 8 3 5 8 2 2 10 25 2 2 14 77 20 3 8 159 19 0 1 10 4 1 32 114 19 1 1 4 2 1 17 17 7 3 3 8 2 2 6 
17 9 4 9 34 17 5 7 31 7 3 26 120 30 2 5 145 23 1 5 20 3 2 35 52 11 2 2 11 6 4 19 22 14 5 11 42 16 6 8 43 11 3 44 145 28 1 4 152 34 2 9 23 3 1 29 65 12 3 5 16 9 3 15 22 13 6 14 43 16 5 6 44 5 3 31 146 43 2 10 152 31 1 4 23 8 2 33 65 17 4 7 14 6 2 10 18 7 4 14 42 15 4 5 33 6 3 32 122 26 2 8 146 37 1 4 17 5 2 26 53 22 4 5 9 4 1 8 
50 17 11 14 11 2 2 7 141 36 4 3 3 1 1 36 81 22 5 2 10 10 5 28 13 12 5 4 13 9 6 10 61 21 12 15 16 9 7 12 153 37 2 2 1 1 2 42 97 14 9 7 16 17 11 30 18 13 12 8 11 9 10 19 41 6 5 10 13 28 51 51 152 33 3 1 0 2 20 91 83 26 17 11 12 9 13 31 20 11 10 9 11 7 17 33 10 2 2 3 4 30 99 92 66 6 4 2 2 8 64 122 36 9 10 10 5 6 27 50 13 5 8 16 8 5 18 23 
100 41 5 4 6 1 2 24 106 28 2 2 9 12 11 49 21 6 3 12 44 37 15 18 8 7 5 15 36 22 7 5 124 43 4 1 3 3 2 28 138 33 2 2 9 13 15 69 26 5 3 24 102 66 23 21 11 9 6 16 43 25 14 7 126 33 1 1 3 3 4 31 138 79 15 13 8 2 2 26 24 29 25 64 93 24 5 6 14 8 4 14 39 26 14 14 104 28 2 1 2 3 4 24 114 57 7 5 5 1 2 23 27 23 14 25 30 13 5 13 15 7 8 17 29 15 5 13 
22 11 7 26 48 11 2 4 119 38 4 7 14 4 3 27 37 9 2 21 75 26 5 13 3 1 2 25 92 28 2 2 32 11 7 34 66 18 2 4 141 29 4 8 15 8 7 51 48 5 1 27 107 43 11 20 3 1 2 33 106 31 2 2 34 8 3 25 58 24 5 10 142 50 6 9 13 5 4 28 47 20 9 41 110 25 2 4 4 0 1 30 107 31 4 3 31 9 5 17 38 13 3 9 120 44 4 5 11 5 2 26 40 20 8 24 68 21 3 7 6 1 1 23 87 27 4 4 
8 4 5 9 10 5 5 5 60 17 4 6 10 5 5 16 163 29 0 0 1 0 0 38 130 15 0 0 3 2 1 25 8 5 6 9 11 7 6 6 73 27 12 15 19 7 4 10 166 44 3 1 1 0 0 30 148 16 0 1 4 1 1 29 8 5 5 8 12 9 6 5 74 10 3 8 21 14 11 25 167 29 0 0 1 1 2 42 147 26 1 1 4 1 0 19 7 5 5 6 11 9 5 3 59 17 4 6 10 7 4 13 166 41 1 0 1 0 0 23 136 24 0 1 3 1 0 16 
12 13 17 11 20 23 11 7 59 48 18 7 6 9 10 19 94 38 5 4 18 19 21 55 14 5 8 22 56 42 25 16 8 6 6 8 21 50 47 19 72 38 15 10 23 56 38 24 131 57 6 9 30 14 9 44 20 6 8 40 105 38 8 10 15 13 3 3 9 53 62 31 30 4 2 3 19 87 90 50 118 20 5 11 27 25 43 80 17 7 5 31 96 43 13 8 18 21 11 4 9 20 20 19 21 19 14 9 16 30 33 28 41 24 16 13 21 26 22 32 13 7 7 24 62 33 11 8 
40 45 25 9 14 10 7 10 90 54 13 6 13 12 13 34 20 10 9 27 71 42 18 15 14 15 14 20 35 21 11 9 58 36 23 14 24 20 14 16 130 59 14 9 15 12 10 52 37 11 12 62 107 55 20 19 14 16 18 28 46 30 19 10 39 20 10 11 19 27 38 28 119 90 67 34 9 8 11 30 23 34 88 113 55 9 4 7 22 20 36 38 23 13 10 16 16 15 13 15 18 16 28 19 18 25 37 29 18 17 17 19 19 18 44 38 12 16 21 18 24 20 21 20 11 8 10 19 
87 24 4 6 18 7 4 20 37 16 7 27 81 23 7 11 105 30 6 9 25 11 6 26 30 11 6 22 59 19 5 9 111 28 3 9 24 5 3 22 54 15 6 39 113 23 2 8 131 35 4 12 34 8 2 20 40 10 3 24 87 26 5 9 110 29 2 7 25 6 2 21 57 11 2 24 113 36 5 13 131 20 2 9 34 12 3 30 39 11 4 29 83 23 3 10 81 25 4 8 19 5 4 16 45 16 5 25 73 20 6 11 105 23 4 10 24 8 7 23 31 11 6 27 61 13 5 11 
16 6 5 36 119 24 1 4 118 31 6 13 35 4 3 31 54 17 8 5 11 9 8 23 16 10 8 7 21 9 6 8 22 6 4 52 141 23 1 3 142 25 4 15 38 5 5 48 65 11 5 11 25 25 21 32 17 12 10 11 23 17 11 11 26 5 2 47 142 24 2 6 144 46 4 9 34 7 3 26 70 30 15 20 25 13 7 11 15 8 9 14 24 14 8 11 20 6 3 31 119 22 3 8 125 32 3 4 23 8 5 38 57 26 11 9 14 8 6 15 13 8 8 11 18 10 5 7 
11 9 8 6 5 4 4 7 103 28 6 4 3 4 7 24 168 32 1 0 1 1 3 56 45 8 2 6 13 9 6 18 16 12 10 5 6 5 5 8 123 50 13 9 7 4 3 12 171 69 2 1 1 1 1 31 53 12 5 11 18 10 5 13 13 8 9 6 7 5 4 8 132 14 6 7 8 6 5 45 171 24 2 1 1 1 1 73 50 13 9 11 15 9 4 11 10 5 5 5 6 5 8 9 131 13 3 3 3 3 7 46 167 22 2 2 1 1 3 59 31 10 9 12 11 6 5 8 
48 24 7 5 10 4 2 9 126 43 6 4 13 10 5 32 27 19 13 16 71 37 7 11 28 30 13 8 20 14 6 8 59 16 6 8 14 10 4 9 149 31 1 2 16 15 6 43 43 12 6 18 125 70 9 15 35 35 15 10 28 19 8 10 57 9 4 5 13 14 6 12 150 37 2 3 15 7 3 29 56 12 3 21 133 67 6 8 36 26 7 8 43 33 9 11 43 9 3 4 12 10 4 13 141 41 2 2 6 4 2 30 52 17 4 18 86 51 6 10 19 12 4 7 46 40 9 7 
120 25 2 3 4 0 0 15 151 41 2 1 1 0 1 26 76 22 4 3 2 4 6 21 25 11 4 4 5 7 7 9 136 25 2 3 5 2 1 18 156 33 2 3 3 2 3 45 88 18 5 6 8 15 15 35 33 12 5 5 6 10 10 13 134 18 1 2 7 3 1 26 155 50 3 1 5 4 2 26 90 40 13 11 9 7 5 18 33 12 5 4 6 6 7 13 112 15 0 1 7 1 1 21 151 34 1 1 2 2 0 27 90 26 6 4 4 2 3 19 28 14 5 3 4 3 4 10 
16 4 2 15 48 23 9 13 32 13 6 20 64 28 9 10 96 24 3 6 31 24 10 32 14 5 3 17 96 44 5 6 19 5 3 19 58 27 8 11 42 15 6 33 107 32 3 6 133 34 3 7 39 19 5 25 20 4 1 18 123 58 4 5 16 9 7 22 54 18 4 5 38 6 3 22 100 43 9 15 135 28 4 8 33 15 7 39 23 6 3 26 124 50 3 5 14 9 7 22 40 11 2 3 28 12 8 21 60 23 5 10 94 41 11 12 20 11 6 23 19 11 7 25 95 33 5 4 
24 15 14 26 21 7 4 8 120 33 8 7 3 1 6 59 77 19 18 37 23 7 16 52 6 10 31 72 47 12 10 9 41 14 11 24 35 13 7 10 136 37 6 9 8 2 4 55 64 14 30 117 72 8 8 25 7 13 47 102 42 7 7 9 37 10 6 17 25 16 15 18 131 83 32 21 9 4 6 27 25 31 52 111 66 12 8 8 16 8 18 45 25 13 18 26 23 11 6 12 11 7 13 18 51 37 24 18 9 7 12 26 17 21 32 33 18 15 13 16 11 9 18 23 14 10 11 16 
5 3 4 4 4 2 3 4 110 14 3 3 4 2 2 14 196 25 0 0 0 0 0 37 53 8 2 4 7 4 4 14 7 3 3 3 5 3 3 5 137 20 3 5 7 3 2 10 196 32 0 0 0 0 0 28 66 9 2 5 11 7 4 14 7 3 3 3 5 3 4 5 135 9 2 3 7 5 4 21 196 30 0 0 0 0 0 31 67 13 3 6 9 5 3 9 6 2 2 2 4 3 3 4 101 14 2 3 4 2 2 11 195 46 0 0 0 0 0 15 59 16 3 4 6 3 2 7 
1 2 9 21 8 5 2 1 1 3 25 72 20 3 1 1 10 9 24 82 29 12 21 13 67 35 21 32 12 17 31 33 4 5 37 74 16 5 2 3 27 14 39 110 45 28 16 9 118 36 19 24 13 40 68 82 56 21 6 8 27 93 91 43 57 19 27 66 23 17 19 34 74 15 6 27 32 75 105 76 114 47 16 8 15 51 76 68 23 26 25 30 33 35 14 10 49 12 4 15 21 54 60 39 78 47 17 14 17 26 33 37 16 14 12 14 26 31 24 19 6 5 6 5 4 6 11 13 
33 22 29 19 15 11 13 19 40 30 37 22 6 12 23 29 10 21 39 18 7 22 39 26 8 14 22 11 11 22 35 15 41 29 38 35 28 24 12 12 121 41 25 14 5 13 36 77 29 15 18 10 15 64 87 49 9 13 16 5 13 43 61 26 37 16 8 16 27 48 25 21 118 96 41 8 6 13 17 33 32 79 98 29 12 26 18 9 20 41 56 15 11 30 33 18 25 16 12 7 17 30 18 18 25 37 30 12 16 34 28 19 18 62 68 13 9 22 15 5 19 64 70 14 5 6 10 5 
10 6 6 10 6 7 12 10 29 9 6 7 10 7 15 34 62 4 2 2 5 5 48 125 20 3 1 2 2 12 81 109 14 6 7 9 10 7 9 13 89 20 10 15 17 6 6 27 150 27 5 2 1 2 22 119 40 8 8 16 16 18 46 63 12 6 10 11 11 6 6 11 102 19 8 15 20 14 7 18 151 72 8 3 3 2 2 29 53 30 23 24 27 10 6 13 10 5 7 10 11 5 3 11 64 17 5 10 14 8 4 19 136 76 10 4 2 1 1 17 48 43 26 16 11 9 3 7 
31 27 12 16 46 31 8 13 74 45 12 8 21 18 12 24 33 28 10 13 39 30 14 14 33 23 8 9 23 19 7 14 33 21 11 25 94 72 11 13 125 49 8 7 22 25 15 44 40 18 7 16 74 77 21 19 42 36 11 12 31 22 7 14 22 7 4 8 87 110 35 18 120 52 13 10 29 42 25 43 40 36 22 39 77 47 9 9 35 25 9 12 32 31 10 16 15 15 5 7 50 74 25 12 37 25 9 12 48 60 34 27 37 32 14 19 33 32 20 17 19 14 7 13 26 26 15 17 
36 21 37 36 20 17 5 19 49 28 31 28 13 12 19 40 15 20 27 28 18 17 20 25 12 17 14 7 7 10 15 19 41 23 19 19 21 44 24 18 58 57 75 71 43 21 7 15 109 65 59 38 15 9 24 64 25 14 18 32 29 39 48 45 5 4 5 7 22 54 35 7 28 12 14 24 56 96 43 13 113 94 60 24 11 24 23 38 41 58 91 73 25 18 15 18 4 2 2 3 11 30 21 8 3 2 4 3 25 74 36 7 11 26 21 10 19 69 39 11 41 38 36 17 8 27 34 27 
6 4 3 14 68 54 14 6 46 26 9 18 74 45 9 13 107 44 5 5 9 6 9 35 37 15 4 7 15 13 15 20 5 6 5 16 76 54 15 5 44 20 9 33 119 72 8 7 135 54 7 7 13 9 10 41 53 15 6 10 20 25 22 24 6 5 5 12 55 44 14 9 25 3 2 11 103 106 34 21 134 34 5 3 13 25 24 69 54 24 13 11 19 18 10 16 5 5 5 12 31 28 12 9 10 3 4 15 58 58 24 16 71 29 9 5 16 20 18 40 42 28 13 9 11 9 8 16 
11 7 3 4 7 5 5 6 92 16 2 3 5 5 4 19 147 18 1 2 15 6 3 36 21 2 1 16 118 24 2 6 16 7 5 6 8 7 7 7 106 23 7 8 10 6 4 14 154 31 2 3 19 6 1 23 29 3 1 18 143 34 2 5 17 9 6 6 7 7 6 7 103 13 3 5 10 9 8 26 155 23 2 5 16 3 2 32 32 5 1 23 141 31 1 3 14 6 3 5 6 6 6 9 88 16 3 4 6 4 5 23 148 32 1 4 11 2 1 22 27 7 2 20 111 20 1 3 
36 18 7 8 20 22 21 29 45 21 8 13 30 32 25 29 91 28 5 5 8 10 15 53 40 8 4 7 7 14 26 40 72 31 5 7 17 20 26 51 49 20 11 28 79 70 26 23 128 44 7 10 13 12 9 44 54 13 9 18 18 22 17 31 99 44 4 4 14 14 13 44 44 14 5 15 80 92 30 26 123 42 5 5 16 30 20 46 54 31 17 18 21 21 10 18 73 47 9 5 11 8 8 23 37 33 19 20 40 35 13 13 63 45 13 9 21 24 13 22 37 37 22 10 12 10 8 12 
9 6 12 19 18 11 8 8 43 17 11 16 14 13 11 24 137 30 4 3 1 2 7 76 95 17 2 3 5 2 5 55 14 8 13 16 20 14 9 11 59 36 22 29 36 17 8 14 151 68 7 3 1 1 3 52 108 23 3 5 5 3 4 45 17 10 10 14 17 9 10 14 57 9 6 13 32 31 33 52 151 26 1 0 1 2 11 102 106 32 6 6 6 1 3 28 17 8 9 12 13 8 9 14 76 18 8 7 10 7 10 47 143 19 0 0 0 1 3 86 64 17 3 6 8 4 6 34 
35 15 23 42 43 15 10 20 36 27 26 46 60 19 16 23 76 29 17 23 32 14 17 40 34 23 17 33 57 20 13 18 24 17 26 68 103 30 8 11 112 42 22 25 30 16 26 52 45 19 28 55 73 27 25 34 59 25 24 33 36 19 20 36 23 14 19 36 83 56 26 18 107 37 26 24 29 25 27 48 42 27 42 71 79 22 13 23 85 20 11 16 24 15 22 59 43 19 12 16 42 32 17 20 32 20 19 30 72 33 15 19 74 29 21 23 31 18 20 46 58 18 12 23 35 13 18 39 
2 2 1 22 80 15 1 1 37 11 3 21 76 16 2 8 137 30 1 3 5 1 2 31 95 19 1 1 3 2 2 24 2 1 2 22 92 23 1 1 44 17 7 33 101 21 2 5 144 42 3 4 7 1 1 29 109 20 1 1 3 1 2 27 2 1 3 27 93 21 1 1 45 5 3 25 100 28 6 17 144 29 0 1 6 4 3 41 109 27 2 2 3 1 1 18 1 1 4 21 79 23 2 1 38 8 3 18 65 19 4 13 138 33 1 1 4 2 2 30 95 25 2 2 3 1 1 20 
76 6 1 2 4 2 12 80 56 13 5 22 34 12 16 62 98 31 6 14 15 7 6 29 38 12 3 6 18 7 4 17 96 12 3 8 9 3 11 89 50 21 17 78 85 10 6 31 134 51 11 24 14 4 2 21 55 13 2 6 19 9 4 15 79 19 10 19 19 5 5 56 50 12 11 62 97 25 6 15 137 29 2 6 13 6 4 38 57 14 3 5 22 9 4 15 41 9 11 26 26 3 3 26 39 15 13 41 67 13 3 16 123 42 6 6 7 2 2 33 49 16 6 8 15 4 4 16 
23 9 8 29 69 16 8 15 96 30 8 14 24 10 8 30 31 10 4 31 91 27 5 11 73 23 4 9 20 6 3 21 32 8 4 30 104 27 5 9 125 25 3 9 32 14 6 34 41 8 2 25 119 54 7 13 93 31 5 8 26 10 4 23 28 6 2 21 106 32 5 10 127 35 4 12 33 10 3 25 41 13 5 42 123 34 3 7 81 25 7 10 29 11 4 25 20 7 3 18 79 22 7 9 103 25 5 9 23 11 8 30 31 10 6 28 91 30 10 13 55 15 7 13 24 10 8 23 
9 8 17 28 19 12 10 8 12 16 26 61 48 12 7 8 58 36 22 28 24 5 6 32 35 13 13 16 17 8 13 31 11 11 16 44 39 11 9 8 22 23 36 109 96 10 2 3 124 66 29 31 15 3 7 37 45 16 15 29 27 16 18 22 11 8 18 57 59 9 4 6 43 9 9 85 121 27 6 16 132 50 12 17 17 6 5 45 46 22 20 35 31 12 6 10 6 9 17 53 53 12 4 4 35 12 14 51 69 21 10 21 97 46 19 17 11 4 7 37 34 29 24 24 17 4 3 8 
45 16 6 15 17 7 4 13 93 24 7 6 8 9 11 36 55 20 9 23 35 19 13 21 90 27 6 10 13 10 8 31 57 15 9 18 20 10 6 17 129 25 5 7 11 10 11 50 62 18 8 33 80 40 16 23 121 34 5 9 18 7 3 39 53 10 5 12 18 15 15 22 129 48 11 13 11 5 5 26 67 24 17 50 82 25 5 17 126 25 3 11 18 6 4 45 41 9 2 8 15 14 13 21 93 26 6 12 16 6 5 28 62 17 11 25 43 13 6 22 107 25 5 12 11 4 5 34 
11 13 18 28 18 13 12 17 15 11 20 27 17 24 43 39 22 19 16 12 10 30 53 37 21 20 11 11 13 28 28 22 37 21 22 38 27 20 11 17 120 26 10 12 10 28 73 108 21 9 6 24 73 103 93 47 22 19 16 19 33 39 26 21 45 13 9 18 26 38 32 25 124 86 43 23 12 14 18 42 24 31 56 97 89 38 11 11 17 12 21 37 36 22 16 23 23 15 11 10 15 22 23 21 39 31 25 17 14 19 23 26 16 16 31 43 28 17 18 18 18 9 14 23 16 16 19 25 
55 16 5 7 7 5 3 9 183 43 1 1 1 1 2 42 71 20 6 11 19 13 10 24 6 7 5 8 17 17 10 5 74 14 5 8 12 9 5 12 183 30 1 1 2 3 4 70 84 11 5 14 46 35 15 36 8 12 8 12 22 14 6 6 72 11 5 8 11 8 5 13 183 70 5 2 2 1 1 27 87 38 18 27 45 23 6 9 6 10 8 13 23 18 8 6 54 9 3 6 9 4 3 12 183 43 2 1 1 1 1 35 76 28 10 10 19 15 5 16 6 8 8 10 17 16 7 6 
40 40 51 23 7 2 4 19 22 52 72 33 6 4 3 13 33 62 50 17 7 8 7 11 22 26 17 13 14 11 8 12 47 28 29 32 24 16 16 30 29 51 79 88 47 17 7 9 119 103 54 19 6 4 3 21 56 23 14 17 20 18 10 14 31 13 12 16 25 43 45 40 25 8 9 25 56 95 78 41 125 37 8 5 8 20 38 80 53 39 19 15 21 7 3 8 28 8 2 4 25 41 48 38 21 9 6 6 31 63 59 29 41 16 6 8 14 24 33 36 28 26 11 12 13 7 9 10 
21 6 8 15 11 5 3 8 136 15 4 8 2 1 2 81 109 15 3 5 3 3 9 78 20 7 6 9 11 11 9 21 44 11 8 16 15 9 2 9 154 17 3 3 2 1 3 91 105 12 5 12 14 10 15 68 23 12 8 11 12 9 7 21 45 17 6 8 15 15 5 10 154 87 3 1 2 3 2 19 108 59 11 11 13 10 7 16 25 14 6 9 14 11 8 15 24 12 4 5 11 13 5 12 140 82 3 2 2 4 2 21 110 76 9 4 4 3 3 15 20 19 10 9 13 9 5 8 
13 17 65 55 14 6 12 18 17 28 67 56 22 14 11 13 18 16 33 39 29 16 13 20 18 12 19 20 18 13 11 17 22 32 87 86 27 7 5 5 122 61 51 31 12 13 19 44 37 12 13 23 60 51 32 30 26 17 17 16 25 20 16 17 46 16 23 47 31 20 33 36 132 39 12 14 11 7 19 66 43 17 24 49 71 28 7 11 28 15 16 19 26 17 15 18 39 8 6 10 15 21 42 53 74 13 10 16 19 13 24 66 25 8 12 26 45 22 13 21 19 8 8 13 23 13 16 20 
32 16 8 6 21 23 8 6 37 20 5 7 65 30 3 8 100 32 2 1 8 5 3 35 28 15 6 2 14 8 4 22 42 22 11 2 30 36 14 13 57 19 4 4 89 63 10 12 121 30 1 1 14 12 11 32 33 17 9 5 20 19 7 12 34 9 10 8 20 38 66 32 32 6 8 2 45 84 79 39 85 10 9 2 6 22 65 86 12 8 16 3 15 26 47 22 19 5 10 8 6 35 100 30 5 3 8 1 6 36 126 43 8 5 7 3 1 25 123 66 1 2 10 6 9 27 100 21 
42 21 7 6 10 8 7 17 72 26 7 8 16 18 18 38 10 4 7 18 68 64 20 12 8 9 8 15 38 25 7 6 53 24 15 16 25 9 6 12 132 35 7 6 16 27 26 76 26 4 3 19 127 115 31 24 11 9 6 22 73 36 5 6 51 15 8 12 22 13 11 24 133 91 24 18 13 5 4 33 27 33 32 86 129 40 3 4 12 5 5 31 81 34 7 7 33 15 8 7 12 13 8 23 62 63 23 14 11 7 5 21 13 31 32 54 64 15 2 3 10 7 8 25 50 20 5 6 
10 15 16 23 26 19 13 12 14 24 38 43 30 21 15 13 30 38 34 26 20 24 21 19 22 18 15 14 16 24 27 24 10 15 21 38 47 27 16 12 20 36 70 107 94 34 8 7 125 91 51 28 12 15 18 41 45 15 12 14 24 40 39 32 14 18 17 22 48 37 17 12 20 8 8 28 93 109 76 37 125 36 12 8 10 30 58 96 49 29 26 27 25 19 15 20 17 20 17 16 20 16 12 15 19 20 21 15 24 39 35 26 34 22 19 14 16 23 32 44 27 22 20 16 17 13 11 19 
41 12 11 21 32 14 16 23 39 14 16 30 46 19 15 24 45 23 18 27 36 16 11 25 21 11 8 23 64 29 11 15 76 28 15 21 27 12 10 36 35 19 25 76 98 23 9 14 120 39 16 24 28 18 17 44 25 7 6 41 102 54 17 18 55 29 20 26 29 11 13 33 36 15 17 52 87 40 29 31 117 41 21 36 26 14 19 55 23 16 25 82 92 24 6 9 30 16 14 25 34 15 12 17 45 22 21 35 36 17 16 29 32 23 31 53 41 12 13 25 22 12 23 56 42 12 7 12 
18 12 14 39 57 16 13 17 58 22 14 24 37 13 17 45 29 11 12 21 41 31 21 30 18 16 18 18 21 15 11 15 23 12 12 72 99 18 9 11 123 35 11 24 31 13 13 63 34 7 10 48 106 50 16 25 34 26 21 32 36 13 4 16 30 8 9 66 105 26 9 19 125 51 14 27 30 8 7 48 30 18 21 90 106 20 4 7 38 15 13 30 36 10 10 27 31 8 8 31 59 28 15 27 61 29 19 22 28 10 9 43 14 14 21 56 63 15 6 8 28 15 18 24 20 5 8 22 
47 14 8 5 9 4 3 10 144 26 4 3 17 5 2 29 29 3 1 24 136 25 2 7 8 3 4 15 59 13 2 4 58 12 4 6 12 5 3 11 152 21 1 2 23 8 2 35 40 2 0 22 152 38 2 9 11 3 3 15 71 16 3 6 58 9 2 4 13 6 4 14 152 33 2 7 22 2 0 21 40 10 2 33 152 26 0 2 11 4 2 12 70 17 4 7 47 12 2 2 10 7 3 11 149 25 1 3 14 3 1 24 31 6 1 19 139 24 3 4 10 3 2 9 58 13 6 4 
9 6 10 16 11 11 7 10 100 25 8 7 11 6 6 21 142 31 1 0 2 3 6 50 34 10 3 2 11 8 12 24 10 4 7 7 14 23 30 19 108 22 5 3 11 23 35 33 150 46 1 0 1 3 6 46 47 11 4 7 13 13 12 17 11 3 3 1 7 29 86 53 35 4 2 0 3 33 120 103 141 22 3 1 1 6 40 116 44 18 11 9 13 8 9 15 13 7 11 4 3 13 51 50 22 14 16 5 6 14 50 58 54 30 12 3 4 8 20 38 28 20 13 8 9 4 5 9 
7 5 11 24 26 9 5 5 45 13 9 22 19 7 6 16 129 26 2 4 6 3 7 56 44 6 2 44 77 16 7 20 11 7 12 23 31 8 4 7 72 22 11 31 35 8 5 12 140 40 5 14 15 3 6 38 38 8 7 103 118 9 3 9 13 8 12 24 27 9 4 7 79 11 6 24 36 13 8 28 138 47 15 38 24 2 2 34 18 10 13 121 113 2 1 3 11 5 10 16 23 9 6 7 61 17 7 13 17 6 8 23 85 44 23 40 30 4 3 18 9 7 17 76 67 4 2 5 
59 20 5 6 4 3 6 36 67 13 2 5 7 10 31 81 36 6 1 2 11 27 42 58 23 13 4 6 16 19 16 19 89 31 10 7 3 5 10 34 128 26 1 1 4 14 32 96 31 6 2 5 49 85 60 47 18 18 4 9 26 35 24 13 81 13 3 2 3 9 32 78 133 44 7 3 4 6 16 79 51 28 16 26 62 61 18 13 13 11 5 13 37 49 25 9 64 6 1 0 2 4 26 95 80 19 5 5 11 13 25 79 39 25 12 19 35 26 11 15 9 10 7 24 42 28 9 7 
31 18 16 15 16 3 3 8 133 41 12 6 4 0 2 36 100 28 11 11 10 7 7 26 10 13 16 16 14 16 10 8 48 14 14 17 20 8 4 10 143 43 9 4 3 1 2 51 94 33 45 33 13 7 5 25 12 26 49 30 13 7 4 7 34 17 9 7 11 12 12 15 127 121 57 6 2 2 5 14 28 84 128 49 4 1 3 3 15 47 95 38 4 1 4 6 10 10 5 7 9 7 17 16 23 40 27 7 5 6 18 22 19 47 59 12 3 6 18 12 13 42 51 11 3 5 15 10 
14 16 11 12 21 13 11 12 29 17 9 5 11 20 32 32 19 13 10 5 10 34 35 20 19 17 8 5 8 19 13 13 35 17 15 21 36 20 10 14 125 22 5 5 7 22 53 93 22 5 3 3 35 115 84 37 18 17 8 5 15 53 39 21 35 11 7 12 43 39 17 15 136 59 5 3 8 11 11 42 70 27 6 9 59 100 36 19 8 7 4 7 37 79 46 16 19 10 7 11 31 28 17 18 118 55 6 2 9 10 11 37 85 47 13 7 28 36 16 20 8 8 11 14 44 60 20 8 
13 15 17 7 10 23 15 18 43 39 25 11 6 11 8 18 86 42 14 4 2 7 9 40 44 15 6 10 14 13 13 30 14 22 21 11 19 49 42 17 46 37 30 22 20 51 31 14 131 55 10 4 3 4 9 40 58 17 8 12 21 14 14 29 19 61 55 16 10 25 23 8 31 44 42 17 17 59 54 25 124 60 24 3 3 9 23 56 45 39 36 11 23 11 7 16 13 47 53 19 9 10 6 2 18 79 75 11 4 8 6 2 36 104 63 3 4 4 3 5 19 73 65 9 7 3 1 3 
12 11 6 6 11 8 6 7 73 37 8 5 7 5 7 20 143 43 3 1 1 2 4 57 66 14 4 3 8 10 8 30 13 13 10 11 13 10 7 7 88 43 20 18 16 8 4 12 157 59 6 1 1 0 1 41 81 21 4 5 12 10 7 23 9 11 11 12 14 10 5 5 92 25 9 13 15 14 10 22 154 86 6 1 0 1 3 36 69 54 19 7 11 9 6 9 7 8 11 10 14 10 4 5 40 35 15 10 8 6 5 9 120 133 19 3 1 1 2 7 50 93 39 8 4 2 2 2 
5 4 6 12 18 6 2 3 80 20 8 11 19 7 3 11 182 33 2 1 3 4 3 39 40 8 3 14 35 21 8 12 7 4 5 13 25 9 4 5 108 22 8 21 33 9 2 7 183 36 2 2 5 4 3 36 48 5 3 18 54 29 9 14 5 3 5 14 27 9 6 5 111 9 3 15 32 16 7 20 183 37 2 4 6 3 2 38 50 12 6 26 60 23 5 8 4 4 5 12 22 8 5 4 81 16 4 10 21 8 6 14 183 54 2 2 3 1 1 26 45 15 6 15 37 17 4 7 
14 9 9 11 13 13 12 16 37 11 6 4 4 9 29 65 26 8 2 1 1 9 67 86 21 4 1 1 2 12 63 63 36 18 16 13 13 13 10 17 128 15 3 2 2 4 37 123 38 5 2 4 7 19 94 108 21 8 4 5 7 15 67 58 51 17 6 11 18 14 11 18 141 58 2 2 3 2 5 43 91 34 8 14 16 11 23 28 26 15 11 17 14 8 20 20 38 10 3 6 15 17 18 22 122 46 5 3 3 4 11 42 77 40 19 13 10 3 5 19 20 14 16 24 15 4 5 8 
38 15 11 17 14 1 4 12 121 31 5 5 6 1 5 49 44 8 6 50 79 16 9 23 7 3 7 50 70 14 3 3 57 18 13 23 16 2 2 11 139 33 5 8 12 4 4 51 45 6 6 85 125 22 7 19 11 5 14 57 67 10 5 11 62 12 6 15 14 4 6 18 140 52 14 25 15 1 1 27 29 15 16 110 122 8 1 4 14 7 11 53 50 5 4 8 56 9 3 6 11 3 5 22 110 29 10 19 19 3 2 29 11 8 11 70 86 11 3 3 9 7 7 31 36 6 4 6 
47 9 3 4 5 2 1 6 193 29 0 0 0 0 0 27 120 15 2 3 4 3 2 16 6 4 3 4 6 5 3 4 60 9 2 5 8 3 2 6 193 22 0 0 0 0 0 37 141 10 2 4 7 4 4 25 9 5 4 5 6 5 4 6 60 7 2 4 8 4 2 9 193 39 0 0 0 0 0 20 141 25 4 5 8 4 2 10 10 6 4 4 7 4 3 7 45 6 1 3 5 3 3 8 193 31 0 0 0 0 0 24 123 18 3 3 4 3 2 13 7 5 4 5 5 3 3 5 
11 5 11 28 15 7 16 21 33 14 16 21 8 6 26 39 84 23 9 7 3 3 29 76 34 7 5 12 24 16 35 48 13 7 23 34 11 9 19 27 53 29 45 48 11 13 24 29 128 60 18 9 4 3 14 63 46 19 19 39 47 18 25 34 15 13 17 28 14 14 31 34 41 9 16 25 15 28 59 77 118 48 41 31 4 6 19 72 24 28 72 97 29 4 3 4 20 13 16 21 11 8 25 36 27 15 27 33 12 7 21 53 18 22 54 74 14 5 11 25 5 16 59 63 11 6 8 8 
13 11 10 10 10 16 19 17 38 29 13 9 13 13 24 26 48 17 8 6 17 37 49 49 9 5 7 12 28 67 46 15 16 17 14 12 15 20 17 16 66 43 24 24 34 21 9 14 136 42 5 5 9 29 35 76 22 4 2 10 56 112 57 25 17 16 16 15 18 13 11 9 71 19 14 17 32 23 16 29 138 83 16 7 7 7 7 43 39 40 27 31 61 65 15 8 12 9 15 10 20 12 7 8 37 29 19 9 15 10 9 16 75 96 39 9 7 4 3 11 28 73 50 21 20 9 3 3 
6 6 13 20 14 11 15 14 13 13 29 36 15 11 15 16 50 25 18 16 10 8 12 30 35 12 4 4 9 13 11 33 4 11 43 70 21 7 8 10 24 33 79 117 31 5 3 6 133 80 40 21 4 3 5 33 52 19 5 5 18 19 13 30 4 8 46 104 37 2 1 4 74 17 35 99 37 5 8 32 139 40 7 6 3 1 4 61 55 24 15 16 20 10 6 17 6 3 13 65 39 9 7 10 84 14 9 22 12 5 11 57 126 31 5 3 2 1 7 59 32 21 14 18 14 4 6 12 
34 107 55 7 4 1 1 3 78 128 39 6 2 3 2 8 34 39 19 13 8 13 8 13 15 18 14 11 12 15 8 8 58 63 27 6 8 7 8 11 143 99 10 1 1 1 3 40 83 28 11 12 13 15 19 34 20 16 14 9 12 17 12 14 60 15 2 2 5 16 29 35 143 56 7 2 1 2 9 55 89 47 25 19 12 8 7 17 25 15 14 15 14 13 8 11 39 14 8 3 4 7 16 32 109 50 11 4 3 2 9 45 77 47 13 13 11 4 5 17 21 17 18 15 15 8 5 7 
15 17 13 37 36 6 5 5 99 40 8 9 9 4 7 29 30 14 12 43 81 17 8 13 28 24 24 30 38 13 2 8 29 11 13 32 47 12 4 12 131 29 5 7 19 7 4 48 35 6 9 55 125 37 6 17 28 12 22 31 43 16 10 30 33 7 5 20 43 21 22 20 131 31 5 9 16 6 14 53 30 10 6 31 103 58 54 34 18 1 3 9 22 39 73 67 18 6 10 10 17 17 40 45 59 16 13 4 5 6 39 74 20 9 17 15 10 21 66 58 9 1 17 20 19 24 57 37 
58 22 6 6 6 3 3 14 176 43 1 1 0 0 2 44 91 17 4 8 10 3 5 27 5 3 4 12 13 6 4 5 77 25 14 11 10 4 2 11 181 40 3 2 0 0 1 46 105 9 4 14 18 9 8 31 6 4 7 16 15 6 4 5 84 14 8 12 10 6 5 21 181 37 2 1 0 0 1 53 98 23 7 18 20 6 3 12 6 4 5 15 18 7 5 6 86 8 2 5 5 4 9 40 180 13 0 0 1 0 2 96 54 10 5 10 14 5 4 20 4 5 6 15 16 5 4 4 
